image: ias_karlstrasse_20100830.pgm
resolution: 0.025000
origin: [-28.200000, -17.000000, 0.000000]
negate: 0
occupied_thresh: 0.65
free_thresh: 0.196

